0
0
0
8
2b
3e
37
31
2b
24
1c
15
f
9
3
4
d
17
1e
22
24
21
1a
f
2
0
0
0
0
0
1c
3c
40
3f
40
40
40
40
40
40
3f
3c
3a
3b
3f
40
40
40
40
40
40
3f
36
1b
0
0
0
27
40
3f
3f
3f
3f
3f
3f
3f
3f
3f
40
3f
3c
3d
3d
3e
40
40
40
40
40
40
3f
40
24
0
18
40
3e
3f
40
40
40
40
40
40
3f
40
2e
d
4
5
7
b
10
16
1f
29
32
3a
3f
3f
40
14
2a
40
3f
40
40
40
40
40
40
3f
40
32
3
0
0
0
0
0
0
0
0
0
0
3
c
16
26
12
32
40
3f
40
40
40
40
40
3f
40
40
14
0
1
0
0
0
0
0
0
1
1
0
0
0
0
0
0
2d
40
3f
40
40
40
40
40
3f
40
38
1
0
0
0
0
0
0
0
0
0
0
0
0
0
1
1
0
1f
40
3f
40
40
40
40
40
3f
40
2a
0
0
0
0
0
0
0
0
0
0
0
0
0
0
0
0
0
11
40
3f
40
40
40
40
40
3f
40
1e
0
0
0
0
0
0
0
0
0
0
0
0
0
0
0
0
0
5
34
40
3f
40
40
40
40
3f
40
17
0
0
0
0
0
0
0
0
0
0
0
0
0
0
0
0
0
0
27
40
3f
40
40
40
40
3f
40
12
0
0
0
0
0
0
0
0
0
0
0
0
0
0
0
0
0
0
18
40
3f
40
40
40
40
3f
40
10
0
0
0
0
0
0
0
0
0
0
0
0
0
0
0
0
0
0
a
3d
40
3f
40
40
40
3f
40
f
0
0
0
0
0
0
0
0
0
0
0
0
0
0
0
0
0
0
2
3c
40
3f
40
40
40
3f
40
f
0
0
0
0
0
0
0
0
0
0
0
0
0
0
0
0
0
0
3
3c
40
3f
40
40
40
3f
40
10
0
0
0
0
0
0
0
0
0
0
0
0
0
0
0
0
0
0
d
3e
40
3f
40
40
40
3f
40
12
0
0
0
0
0
0
0
0
0
0
0
0
0
0
0
0
0
0
1c
40
3f
40
40
40
40
3f
40
16
0
0
0
0
0
0
0
0
0
0
0
0
0
0
0
0
0
0
2c
40
3f
40
40
40
40
3f
40
1a
0
0
0
0
0
0
0
0
0
0
0
0
0
0
0
0
0
b
3a
40
3f
40
40
40
40
3f
40
20
0
0
0
0
0
0
0
0
0
0
0
0
0
0
0
0
0
19
40
3f
40
40
40
40
40
3f
40
28
0
0
0
0
0
0
0
0
0
0
0
0
0
0
0
0
0
2b
40
3f
40
40
40
40
40
3f
40
32
0
0
0
0
0
0
0
0
0
0
0
0
0
0
0
0
0
39
40
3f
40
40
40
40
40
3f
40
3b
4
0
0
0
0
0
0
0
0
0
0
0
0
0
0
1
0
3e
40
40
40
40
40
40
40
3f
40
40
14
0
1
0
0
0
0
0
0
0
1
0
0
0
0
0
0
33
40
3f
40
40
40
40
40
40
3f
40
2a
0
0
1
1
0
0
0
0
0
0
0
0
4
b
16
a
1b
40
3f
3f
40
40
40
40
40
3f
40
40
1a
0
0
0
0
2
8
f
19
23
2c
34
3b
3f
3d
d
0
29
40
3f
3f
3f
3f
3f
3f
3f
3f
3f
40
32
25
26
30
38
3d
40
40
40
40
40
3f
40
1c
0
0
2
26
3f
40
3f
40
40
40
40
40
40
40
40
40
40
40
40
40
40
3f
3f
3f
40
3e
1e
0
0
0
0
0
f
27
32
35
32
2e
27
20
19
12
f
f
14
1e
28
31
39
3e
3e
38
29
d
0
0
0
