0
0
0
0
0
0
0
0
0
0
0
0
0
0
0
0
2
21
38
a
0
0
0
0
0
0
0
0
0
0
0
0
0
0
0
0
0
0
0
0
0
0
0
10
35
40
40
1e
0
0
0
0
0
0
0
0
0
0
0
0
0
0
0
0
0
0
0
0
0
0
22
40
40
3f
40
32
0
0
0
0
0
0
0
0
0
0
0
0
0
0
0
0
0
0
0
0
0
a
3d
40
3f
3f
40
37
0
0
0
0
0
0
0
0
0
0
0
0
0
0
0
0
0
0
0
0
0
15
3f
3f
3f
3f
40
3b
7
0
0
0
0
0
0
0
0
0
0
0
0
0
0
0
0
0
0
0
10
3e
40
3f
40
3f
40
3f
e
0
0
0
0
0
0
0
0
0
0
0
0
0
0
0
0
0
0
3
36
40
3f
3d
3f
40
3f
40
15
0
1
0
0
0
0
0
0
0
0
0
0
0
0
0
0
0
0
23
3e
40
3a
17
3b
40
3e
40
1c
0
0
0
0
0
0
0
0
0
0
0
0
0
0
0
0
0
1b
31
36
40
11
3
3a
40
3e
40
26
0
0
0
0
0
0
0
0
0
0
0
0
0
0
0
0
13
2b
2d
40
18
0
4
35
40
3e
40
2f
0
0
0
0
0
0
0
0
0
0
0
0
0
0
0
8
25
25
40
1f
0
1
0
32
40
3f
40
38
3
0
0
0
0
0
0
0
0
0
0
0
0
0
0
e
16
3f
2d
0
0
1
0
2b
40
3f
40
3e
c
0
0
0
0
0
0
0
0
0
0
0
0
0
0
2
33
3c
7
0
0
0
0
22
40
3f
3f
40
13
0
0
0
0
0
0
0
0
0
0
0
0
1
0
25
40
15
0
0
0
0
0
19
40
3f
3f
40
1c
0
1
0
0
0
0
0
0
0
0
0
1
0
12
40
27
0
0
0
0
1
0
14
2d
3f
3f
40
29
0
0
0
0
0
0
0
0
0
0
0
0
a
3a
38
3
0
0
0
0
0
0
8
d
3e
3f
40
35
0
0
0
0
0
0
0
0
0
0
0
f
3c
40
11
0
1
0
0
1
14
11
25
34
3e
40
40
3c
8
0
0
0
1
2
0
0
0
0
a
39
40
21
0
0
0
0
10
32
40
37
32
40
3f
3f
3f
40
10
0
2
1
e
3
0
0
0
5
34
40
31
1
1
3
5
26
3f
40
2d
6
b
28
36
40
3f
40
2e
f
0
19
12
7
0
0
0
24
40
37
5
6
2b
2e
35
40
3a
17
0
0
5
9
1f
36
40
3f
40
13
10
23
19
c
0
0
f
3f
40
1a
16
3c
40
3f
40
2a
7
0
0
0
0
0
1c
2c
3d
40
40
3a
38
33
25
0
0
2
33
40
3e
38
3f
3f
40
39
15
0
0
0
0
0
0
0
30
3e
3c
40
40
3f
3f
3f
11
0
0
1f
40
3f
40
40
40
40
29
6
0
1
0
0
0
0
0
0
2e
40
3f
40
40
3f
40
31
1
0
8
3a
40
3f
3f
40
38
14
0
0
0
0
0
0
0
0
1
0
29
40
3f
40
40
3f
40
14
0
0
24
40
3e
40
40
27
5
0
1
0
0
0
0
0
0
0
0
0
2c
40
3e
3f
3f
40
2e
0
0
0
36
40
40
37
13
0
0
0
0
0
0
0
0
0
0
0
0
0
16
3a
40
3f
3f
40
10
0
0
0
2d
36
19
3
0
0
0
0
0
0
0
0
0
0
0
0
0
0
0
3
1f
3e
40
2d
0
0
0
0
7
2
0
0
0
0
0
0
0
0
0
0
0
0
0
0
0
0
0
0
0
12
37
11
0
0
0
0
