0
0
0
0
0
0
0
0
0
0
0
0
0
0
0
0
0
0
0
0
0
0
0
0
0
0
0
0
0
0
0
0
0
0
0
0
0
0
0
0
0
0
0
0
0
0
0
0
0
0
0
0
0
0
0
0
0
0
0
0
0
0
0
0
0
0
0
0
0
0
0
0
0
0
0
0
0
0
0
0
0
0
0
0
0
0
0
0
0
0
0
0
0
0
1d1d
1f5f
2aeb
4000
4000
25a6
1757
0
0
0
0
0
0
0
0
0
0
0
0
0
0
0
0
0
0
0
0
2a6a
3f7f
3f7f
3f7f
3f7f
3f7f
3f7f
36b7
788
0
0
0
0
0
0
0
0
0
0
0
0
0
0
0
0
0
0
2a6a
3f7f
3f7f
3f7f
3575
23a4
2c2c
3f7f
3f7f
1e9f
0
0
0
0
0
0
0
0
0
0
0
0
0
0
0
0
0
d0d
3ebf
3f7f
34b5
808
303
0
182
33b4
3f7f
2323
0
0
0
0
0
0
0
0
0
0
0
0
0
0
0
0
0
1353
3eff
34b5
646
0
0
0
1e9f
3e3e
3f7f
1050
0
0
0
0
0
0
0
0
0
0
0
0
0
0
0
0
0
0
7c8
485
0
0
0
0
3474
3f7f
3f7f
1050
0
0
0
0
0
0
0
0
0
0
0
0
0
0
0
0
0
0
0
0
0
0
0
1d5d
3dfe
3f7f
31b2
283
0
0
0
0
0
0
0
0
0
0
0
0
0
0
0
0
0
0
0
0
0
0
1313
3dfe
3f7f
39fa
fd0
0
0
0
0
0
0
0
0
0
0
0
0
0
0
0
0
0
0
0
0
0
0
0
2020
3f7f
3f7f
2424
0
0
0
0
0
0
0
0
0
0
0
0
0
0
0
0
0
0
0
0
0
0
0
2c2c
3dbe
3f7f
27e8
303
0
0
0
0
0
0
0
0
0
0
0
0
0
0
0
0
0
0
0
0
0
0
646
3abb
3f7f
3a7a
8c9
0
0
0
0
0
0
0
0
0
0
0
0
0
0
0
0
0
0
0
0
0
0
0
31b2
3f7f
3f7f
2363
0
0
0
0
0
0
0
0
0
0
0
0
0
0
0
0
0
0
0
0
0
0
0
1394
3e3e
3f7f
2f6f
303
0
0
0
0
0
0
0
0
0
0
0
0
0
0
0
0
0
0
0
0
0
0
4c5
3232
3f7f
3f7f
2363
0
0
0
0
0
0
0
0
0
0
0
0
0
0
0
0
0
0
0
0
0
0
0
21a2
3f7f
3f7f
2b6b
303
0
0
0
0
0
0
0
0
0
0
0
0
0
0
0
0
0
0
0
0
0
0
0
3e3e
3f7f
3f7f
646
0
0
0
0
0
0
0
0
0
0
0
0
0
0
0
0
0
0
0
0
0
0
0
0
3e3e
3f7f
3f7f
acb
505
505
505
505
141
0
141
505
505
949
25a6
25a6
25a6
24e5
283
0
0
0
0
0
0
0
0
0
3e3e
3f7f
3f7f
3f7f
3f7f
3f7f
3f7f
3f7f
2a2a
23e4
29aa
3f7f
3f7f
3f7f
3f7f
3f7f
3f7f
3f7f
1edf
0
0
0
0
0
0
0
0
0
2bac
3f7f
3f7f
3f7f
3f7f
3f7f
3f7f
3f7f
3f7f
3f7f
3f7f
3f7f
3e7e
3dfe
3dfe
2a6a
1d5d
1d5d
e4e
0
0
0
0
0
0
0
0
0
0
1d9e
1edf
1edf
1edf
29aa
3f7f
3f7f
3f7f
26e7
1edf
1edf
a4a
0
0
0
0
0
0
0
0
0
0
0
0
0
0
0
0
0
0
0
0
0
0
0
0
0
0
0
0
0
0
0
0
0
0
0
0
0
0
0
0
0
0
0
0
0
0
0
0
0
0
0
0
0
0
0
0
0
0
0
0
0
0
0
0
0
0
0
0
0
0
0
0
0
0
0
0
0
0
0
0
0
0
0
0
0
0
0
0
0
0
0
0
0
0
0
0
0
0
0
0
0
0
0
0
0
0
0
0
0
0
0
0
0
0
0
0
0
0
0
0
0
0
0
0
0
0
0
0
0
0
0
0
0
0
0
0
0
0
0
0
0
0
0
0
0
0
0
